0	0	0.767	0.53321	0	0.5617	0	0	0	0.78937	0.71639	0	0	0	0	0.64113	0	0	0	-0.67295	0	0	0	0
0	0	0.80583	1.1053	1.1009	0.58401	1.1534	1.1406	0.62399	0.9325	0.64293	0	0	0.65701	0.69605	1.1402	0.702	1.17	0.6194	0	0.63542	0	0.88145	0
0.767	0.80583	0	0.88239	0.78108	1.0948	0.91208	0.72645	0.60398	1.0015	0.937	0.55705	0	0.54939	0.5654	0.89971	0	0.81961	0	0	0	0	0.60908	0
0.53321	1.1053	0.88239	0	1.2781	0.90378	1.4497	1.5375	0.63237	1.1356	0.74575	0	0	0	0	1.1807	0	1.2694	0.5549	0	0.53391	0	0.89419	0
0	1.1009	0.78108	1.2781	0	0.57009	1.4488	1.1481	0	0.75194	0	0	0	0.52576	0.69177	1.1773	0.58453	2.1579	0.92931	0	0.7533	0.76657	1.184	0
0.5617	0.58401	1.0948	0.90378	0.57009	0	0.80981	0.80471	0.75812	0.95731	1.0189	0.60839	0	0	0	0.53885	0	0.58321	0	0	0	0	0.58781	0
0	1.1534	0.91208	1.4497	1.4488	0.80981	0	1.2661	0.63369	1.2534	0.82205	0	0	0.51883	0.62887	1.1563	0	1.4564	0.66234	0	0.74773	0	1.2043	0
0	1.1406	0.72645	1.5375	1.1481	0.80471	1.2661	0	0.79797	1.1278	0.74982	0	0	0.5301	0.6655	0.95194	0.67876	1.2413	0.58456	0	0.77111	0	1.0407	0
0	0.62399	0.60398	0.63237	0	0.75812	0.63369	0.79797	0	0.92029	1.32	0.70675	0	0.66904	0	0	0	0	0	0	0	0	0.50098	0
0.78937	0.9325	1.0015	1.1356	0.75194	0.95731	1.2534	1.1278	0.92029	0	1.3609	0.52131	0	0.56223	0.50061	1.0155	0	0.82699	0	0	0	0	0.75255	0
0.71639	0.64293	0.937	0.74575	0	1.0189	0.82205	0.74982	1.32	1.3609	0	0.78772	0	0.60437	0	0.69248	0	0	0	0	0	0	0.55039	0
0	0	0.55705	0	0	0.60839	0	0	0.70675	0.52131	0.78772	0	0	0.66529	0	0	0	0	0	0	0	0	0	0
0	0	0	0	0	0	0	0	0	0	0	0	0	0	0.70055	0	0.68864	0	0	0.51644	0	0	0	0
0	0.65701	0.54939	0	0.52576	0	0.51883	0.5301	0.66904	0.56223	0.60437	0.66529	0	0	0.87958	0.5355	0.714	0.59459	0	0	0.52086	0	0.69723	0
0	0.69605	0.5654	0	0.69177	0	0.62887	0.6655	0	0.50061	0	0	0.70055	0.87958	0	0	1.0025	0.87246	0.76168	0.52062	0.96343	0	0.85985	0
0.64113	1.1402	0.89971	1.1807	1.1773	0.53885	1.1563	0.95194	0	1.0155	0.69248	0	0	0.5355	0	0	0	1.1712	0	0	0	0	0.69416	0
0	0.702	0	0	0.58453	0	0	0.67876	0	0	0	0	0.68864	0.714	1.0025	0	0	0.67482	0	0	0.58536	0	0.54248	0
0	1.17	0.81961	1.2694	2.1579	0.58321	1.4564	1.2413	0	0.82699	0	0	0	0.59459	0.87246	1.1712	0.67482	0	0.92835	0	0.83311	0.69264	1.2956	0
0	0.6194	0	0.5549	0.92931	0	0.66234	0.58456	0	0	0	0	0	0	0.76168	0	0	0.92835	0	0.67434	0.88091	1.3591	1.1722	0.53018
-0.67295	0	0	0	0	0	0	0	0	0	0	0	0.51644	0	0.52062	0	0	0	0.67434	0	0.74645	0	0.50683	0.84971
0	0.63542	0	0.53391	0.7533	0	0.74773	0.77111	0	0	0	0	0	0.52086	0.96343	0	0.58536	0.83311	0.88091	0.74645	0	0.501	1.0719	1.0594
0	0	0	0	0.76657	0	0	0	0	0	0	0	0	0	0	0	0	0.69264	1.3591	0	0.501	0	0.73369	0
0	0.88145	0.60908	0.89419	1.184	0.58781	1.2043	1.0407	0.50098	0.75255	0.55039	0	0	0.69723	0.85985	0.69416	0.54248	1.2956	1.1722	0.50683	1.0719	0.73369	0	0.67964
0	0	0	0	0	0	0	0	0	0	0	0	0	0	0	0	0	0	0.53018	0.84971	1.0594	0	0.67964	0
