0	0	0.78322	0.61637	0.73278	0.5321	0	0.88136	0.8604	0.92122	1.0343	0.65367	0	0.81874	0.87879	0	0.96709	0.99865	0.89653	0	0.59026	0	0.62896	0
0	0	0	0	0	0	0	0	0	0.55729	0	0	0	0	0	0	0	0	0	0	0	0	0	0
0.78322	0	0	1.1132	0.65395	0	0	0.91439	1.1499	0.57099	0.97255	0.75312	0	0.80497	0.80496	0	0.74903	1.2599	0	0	0	0	0	0
0.61637	0	1.1132	0	0.79398	0	0	0.8272	1.0929	0	0.86849	0.70567	0	0.78039	0.87793	0	0.75734	1.1277	0	0	0	0	0	0
0.73278	0	0.65395	0.79398	0	0	0	0	0.7781	0	0.53916	0	0.53998	0	0.8048	0	0.60972	0.85494	0.71886	0	0	-0.80312	0	0.80413
0.5321	0	0	0	0	0	0	0.54628	0	0.73448	0.52604	0.6478	0	0.7659	0	0.66259	0	0	0	0	0	0	0	0
0	0	0	0	0	0	0	0	0	0	0	0	0.52114	0	0	0	0	0	0	0.62672	0	-0.56883	0	0
0.88136	0	0.91439	0.8272	0	0.54628	0	0	1.2858	0.71161	1.0806	0.94872	0	1.504	0.95103	0.57876	0.96161	1.0337	0	0	0	0	0	0
0.8604	0	1.1499	1.0929	0.7781	0	0	1.2858	0	0.57584	1.0581	0.73453	0	0.92432	1.4251	0	1.0828	1.2646	0	0	0	0	0	0
0.92122	0.55729	0.57099	0	0	0.73448	0	0.71161	0.57584	0	0.66533	0.6659	0	0.67454	0	0.51033	0.61869	0.56816	0	0	0	0	0	0
1.0343	0	0.97255	0.86849	0.53916	0.52604	0	1.0806	1.0581	0.66533	0	0.73381	0	1.1689	0.9678	0	0.8468	1.0799	0	-0.53268	0	0	0	0
0.65367	0	0.75312	0.70567	0	0.6478	0	0.94872	0.73453	0.6659	0.73381	0	0	1.1748	0.69517	0.58157	0.98771	0.71663	0	0	0	0	0	0
0	0	0	0	0.53998	0	0.52114	0	0	0	0	0	0	0	0.58503	0	0.61397	0	0	0	0.62335	-0.72375	0	0.60547
0.81874	0	0.80497	0.78039	0	0.7659	0	1.504	0.92432	0.67454	1.1689	1.1748	0	0	0.78138	0.6113	0.87551	0.82898	0	-0.62633	0	0	0	0
0.87879	0	0.80496	0.87793	0.8048	0	0	0.95103	1.4251	0	0.9678	0.69517	0.58503	0.78138	0	0	1.3874	1.1516	0.67783	0	0.57178	-0.51172	0	0.6376
0	0	0	0	0	0.66259	0	0.57876	0	0.51033	0	0.58157	0	0.6113	0	0	0	0	0	0	0	0	0	0
0.96709	0	0.74903	0.75734	0.60972	0	0	0.96161	1.0828	0.61869	0.8468	0.98771	0.61397	0.87551	1.3874	0	0	1.1095	0.75908	0	0.7114	0	0	0.64587
0.99865	0	1.2599	1.1277	0.85494	0	0	1.0337	1.2646	0.56816	1.0799	0.71663	0	0.82898	1.1516	0	1.1095	0	0.5933	0	0.50695	0	0	0
0.89653	0	0	0	0.71886	0	0	0	0	0	0	0	0	0	0.67783	0	0.75908	0.5933	0	0	0.67551	-0.66896	0.92197	1.1327
0	0	0	0	0	0	0.62672	0	0	0	-0.53268	0	0	-0.62633	0	0	0	0	0	0	0	0	0	0.65932
0.59026	0	0	0	0	0	0	0	0	0	0	0	0.62335	0	0.57178	0	0.7114	0.50695	0.67551	0	0	-0.61482	0	0.58376
0	0	0	0	-0.80312	0	-0.56883	0	0	0	0	0	-0.72375	0	-0.51172	0	0	0	-0.66896	0	-0.61482	0	0	-0.8535
0.62896	0	0	0	0	0	0	0	0	0	0	0	0	0	0	0	0	0	0.92197	0	0	0	0	0.56025
0	0	0	0	0.80413	0	0	0	0	0	0	0	0.60547	0	0.6376	0	0.64587	0	1.1327	0.65932	0.58376	-0.8535	0.56025	0
